    571201    676146
    577084    679116
    581673    683608
    601290    698926
    578671    667073
    567871    657345
    570850    670498
    562037    655326
    575516    679979
    578609    680651
    585972    690178
    591686    682467
    578240    673365
    576579    670748
    582893    667871
    578996    671787
    576856    664170
    574764    668567
    577236    673716
    577233    662789
    574030    663702
    577038    663643
    581313    653628
    573156    654384
    580981    643935
    581154    661516
    580877    675091
    580754    681260
    579221    677929
    582273    676146
    586180    666974
    579245    668303
    583396    673212
    580641    669357
    583273    670571
    580248    662722
    582160    673058
    583670    677206
    584081    665838
    585723    672196
    584732    660221
    577770    671193
    574955    678742
    576470    674106
    578596    665597
    576652    665347
    575023    666899
    574909    680931
    576506    672357
    578501    644506
    588214    637821
    580075    662707
    583817    661859
    579060    660381
    583093    662649
    579621    667528
    577642    663439
    578705    666613
    579408    668435
    582309    665503
    586318    637761
    581160    667902
    585822    661857
    582257    672102
    586526    672144
    582215    678253
    583860    686971
    583093    673607
    579857    679504
    580013    675137
    580955    668742
    576670    669123
    573288    674119
    582831    666065
    580483    662036
    585642    667117
    580512    676125
    578891    696460
    579342    678955
    580858    666517
    581374    647266
    580430    673469
    585782    678158
    579064    671850
    575974    654054
    579971    666278
    582934    668295
    580567    684507
    581220    676286
    583330    657374
    581347    672796
    582154    680008
    579770    667169
    584866    674002
    578743    666059
    582343    669927
    592481    665568
    584853    679299
    582073    672518
    581075    670535
    581733    657477
    586686    668258
    607945    623688
    594689    654652
    591666    664120
    583931    665904
    585395    669752
    583916    666350
    582229    663762
    584980    666584
    584010    673409
    582170    660666
    587630    657945
    579912    668523
    582890    670080
    595340    614784
    580971    659520
    583226    661353
    589340    655707
    583040    656906
    579286    671026
    577707    670220
    574689    674374